%YAML:1.0
---
intrinsic_matrices:
   - !!opencv-matrix
      rows: 3
      cols: 3
      dt: d
      data: [ 1129.2733453885273, 0., 132.09189048845388, 0.,
          1125.3315114828661, 125.67110273013921, 0., 0., 1. ]
   - !!opencv-matrix
      rows: 3
      cols: 3
      dt: d
      data: [ 1114.3038609122057, 0., 138.39774867752743, 0.,
          1108.1070451817368, 101.68190714846772, 0., 0., 1. ]
   - !!opencv-matrix
      rows: 3
      cols: 3
      dt: d
      data: [ 1103.344023267563, 0., 156.36298792900982, 0.,
          1100.72299006508, 77.840350510794124, 0., 0., 1. ]
   - !!opencv-matrix
      rows: 3
      cols: 3
      dt: d
      data: [ 1187.7508831702346, 0., 117.37742376305529, 0.,
          1187.8707545361058, 100.04269472577268, 0., 0., 1. ]
   - !!opencv-matrix
      rows: 3
      cols: 3
      dt: d
      data: [ 1146.1175059163395, 0., 68.276228325090571, 0.,
          1134.24334013268, 170.62906662864222, 0., 0., 1. ]
   - !!opencv-matrix
      rows: 3
      cols: 3
      dt: d
      data: [ 1133.7371701070738, 0., 119.73992516115608, 0.,
          1127.5971159356041, 146.16326355758792, 0., 0., 1. ]
   - !!opencv-matrix
      rows: 3
      cols: 3
      dt: d
      data: [ 1073.0409766863349, 0., 79.877256291243, 0.,
          1070.2999481326176, 76.007169889643109, 0., 0., 1. ]
   - !!opencv-matrix
      rows: 3
      cols: 3
      dt: d
      data: [ 1093.0773410489692, 0., 154.92936100322081, 0.,
          1087.3600333293466, 81.831731255640648, 0., 0., 1. ]
   - !!opencv-matrix
      rows: 3
      cols: 3
      dt: d
      data: [ 1125.4129012597602, 0., 58.538178896224416, 0.,
          1118.5583267788643, 133.34129201553611, 0., 0., 1. ]
dist_coeffs:
   - !!opencv-matrix
      rows: 1
      cols: 5
      dt: d
      data: [ -0.6523107820422881, 70.997682189867035,
          -0.016728083319310066, 0.0021004147799656477,
          -3166.1961384413094 ]
   - !!opencv-matrix
      rows: 1
      cols: 5
      dt: d
      data: [ -1.1485074561436195, 28.705026773570133,
          -0.037249047746901229, 0.0017430155301980639,
          7.3753465190323926 ]
   - !!opencv-matrix
      rows: 1
      cols: 5
      dt: d
      data: [ -1.5310702273467909, 33.667174029229876,
          -0.012049387180145548, -0.016957896947823185,
          1048.4768677402706 ]
   - !!opencv-matrix
      rows: 1
      cols: 5
      dt: d
      data: [ -1.2975149616159891, 81.009707923904628,
          5.3591131329676154e-05, -0.017666041276852524,
          0.21445165055384419 ]
   - !!opencv-matrix
      rows: 1
      cols: 5
      dt: d
      data: [ -0.039614966405018853, -12.518593885145886,
          -0.013618489619907938, -0.0092898683378205595,
          205.35914887058257 ]
   - !!opencv-matrix
      rows: 1
      cols: 5
      dt: d
      data: [ -1.2537314176796159, 156.87680623665076,
          -0.012580507050917346, 0.011344286768119834,
          1.1652986019209726 ]
   - !!opencv-matrix
      rows: 1
      cols: 5
      dt: d
      data: [ -0.41903305589237072, -158.8148101004011,
          -0.002271979371087049, -0.022449024140759805,
          -1.1885271569660794 ]
   - !!opencv-matrix
      rows: 1
      cols: 5
      dt: d
      data: [ -2.5245624739797785, 465.40488671948719,
          0.015447423700319438, -0.0035446783394235829,
          4.0861376307246635 ]
   - !!opencv-matrix
      rows: 1
      cols: 5
      dt: d
      data: [ 0.27449636971512226, -125.33524399229229,
          -0.023708363949560447, 0.025626441548315445,
          4714.2826990591684 ]
