%YAML:1.0
---
intrinsic_matrices:
   - !!opencv-matrix
      rows: 3
      cols: 3
      dt: d
      data: [ 794.14165462202527, 0., 80.260108197264373, 0.,
          787.48012662358212, 73.182788554105414, 0., 0., 1. ]
   - !!opencv-matrix
      rows: 3
      cols: 3
      dt: d
      data: [ 660.858502985732, 0., 104.8179375457488, 0.,
          664.16396769941105, 92.447450554313349, 0., 0., 1. ]
   - !!opencv-matrix
      rows: 3
      cols: 3
      dt: d
      data: [ 687.54833590051112, 0., 96.977064660576573, 0.,
          684.0846392077176, 112.29184678553345, 0., 0., 1. ]
   - !!opencv-matrix
      rows: 3
      cols: 3
      dt: d
      data: [ 688.33049396241483, 0., 53.514634482230214, 0.,
          688.66854032150115, 98.889113650646209, 0., 0., 1. ]
   - !!opencv-matrix
      rows: 3
      cols: 3
      dt: d
      data: [ 675.11074499790232, 0., 93.210143391562553, 0.,
          672.2512869733057, 97.241099295792623, 0., 0., 1. ]
   - !!opencv-matrix
      rows: 3
      cols: 3
      dt: d
      data: [ 746.16244461444842, 0., 104.34679111495943, 0.,
          744.77002006166731, 90.289356975334115, 0., 0., 1. ]
   - !!opencv-matrix
      rows: 3
      cols: 3
      dt: d
      data: [ 792.21170213624453, 0., 122.18226662686681, 0.,
          783.83830393374683, 75.011061584266315, 0., 0., 1. ]
   - !!opencv-matrix
      rows: 3
      cols: 3
      dt: d
      data: [ 774.41792832357112, 0., 42.424016511514331, 0.,
          779.72255421165903, 111.61403493325371, 0., 0., 1. ]
   - !!opencv-matrix
      rows: 3
      cols: 3
      dt: d
      data: [ 837.92183375993864, 0., 77.06174319794988, 0.,
          836.06816539790282, 75.824878247287103, 0., 0., 1. ]
dist_coeffs:
   - !!opencv-matrix
      rows: 1
      cols: 5
      dt: d
      data: [ -0.38008991228852451, -133.84171987889658,
          -0.018295159185462841, -0.014329418989736886,
          4121.360597127542 ]
   - !!opencv-matrix
      rows: 1
      cols: 5
      dt: d
      data: [ -0.42985813972651932, 3.3104871559479898,
          -0.042952926776941874, -0.012517687956535449,
          -51.484937966714533 ]
   - !!opencv-matrix
      rows: 1
      cols: 5
      dt: d
      data: [ -1.5603298547616373, 32.211549458331071,
          -0.065305159483176056, 0.018639479763858761,
          -418.50790441052959 ]
   - !!opencv-matrix
      rows: 1
      cols: 5
      dt: d
      data: [ -0.42941415276289141, 4.7925270452182325,
          -0.023771941214510532, -0.0077653908231452096,
          -0.91168380650679093 ]
   - !!opencv-matrix
      rows: 1
      cols: 5
      dt: d
      data: [ -0.87380154098701024, 46.550038334722402,
          -0.022327761519511623, -0.0046706672013565017,
          -1504.064045957562 ]
   - !!opencv-matrix
      rows: 1
      cols: 5
      dt: d
      data: [ 0.5908725970773947, -204.40967232747815,
          -0.0019707034878318902, 0.013866888740317263,
          9098.0171415569057 ]
   - !!opencv-matrix
      rows: 1
      cols: 5
      dt: d
      data: [ -0.94894761847550801, -46.942561729337825,
          0.057069987228947842, -0.051146559678700167,
          1641.1280420945491 ]
   - !!opencv-matrix
      rows: 1
      cols: 5
      dt: d
      data: [ -0.78624151698262068, -3.4722648997334442,
          0.0070109717017488461, 0.050400083626159935,
          43.893804603108528 ]
   - !!opencv-matrix
      rows: 1
      cols: 5
      dt: d
      data: [ -0.2165690937258607, -35.762360442714524,
          0.014119171399226353, 0.017932271086631597, 800.69472682479329 ]
